ln_a
-2.5649493574615367
-2.5644590985471205
-2.5642237742682013
-2.5639688396327047
-2.5635178014314421
-2.5634785807182885
-2.5629883218038727
-2.5624980628894565
-2.5622627386105372
-2.5620078039750407
-2.5615567657737781
-2.5615175450606245
-2.5610272861462087
-2.5605370272317924
-2.5603017029528732
-2.5600467683173767
-2.5595957301161141
-2.5595565094029604
-2.5590662504885446
-2.5585759915741284
-2.5583406672952091
-2.5580857326597126
-2.55763469445845
-2.5575954737452964
-2.5571052148308806
-2.5566149559164644
-2.5563796316375451
-2.5561246970020486
-2.555673658800786
-2.5556344380876324
-2.5551441791732166
-2.5546539202588003
-2.5544185959798811
-2.5541636613443846
-2.553712623143122
-2.5536734024299683
-2.5531831435155525
-2.5526928846011363
-2.552457560322217
-2.5522026256867205
-2.5517515874854579
-2.5517123667723043
-2.5512221078578885
-2.5507318489434723
-2.550496524664553
-2.5502415900290565
-2.5497905518277939
-2.5497513311146403
-2.5492610722002245
-2.5487708132858082
-2.548535489006889
-2.5482805543713924
-2.5478295161701299
-2.5477902954569762
-2.5473000365425604
-2.5468097776281442
-2.5465744533492245
-2.5463195187137284
-2.5458684805124654
-2.5458292597993122
-2.545339000884896
-2.5448487419704802
-2.5446134176915605
-2.5443584830560639
-2.5439074448548014
-2.5438682241416481
-2.5433779652272319
-2.5428877063128161
-2.5426523820338964
-2.5423974473983999
-2.5419464091971373
-2.5419071884839841
-2.5414169295695679
-2.5409266706551521
-2.5406913463762324
-2.5404364117407359
-2.5399853735394733
-2.5399461528263201
-2.5394558939119038
-2.5389656349974881
-2.5387303107185684
-2.5384753760830718
-2.5380243378818093
-2.537985117168656
-2.5374948582542398
-2.537004599339824
-2.5367692750609043
-2.5365143404254078
-2.5360633022241452
-2.536024081510992
-2.5355338225965758
-2.53504356368216
-2.5348082394032403
-2.5345533047677438
-2.5341022665664812
-2.534063045853328
-2.5335727869389117
-2.533082528024496
-2.5328472037455763
-2.5325922691100797
-2.5321412309088172
-2.5321020101956639
-2.5316117512812477
-2.5311214923668319
-2.5308861680879122
-2.5306312334524157
-2.5301801952511531
-2.5301409745379999
-2.5296507156235837
-2.5291604567091679
-2.5289251324302482
-2.5286701977947517
-2.5282191595934891
-2.5281799388803359
-2.5276896799659196
-2.5271994210515039
-2.5269640967725842
-2.5267091621370876
-2.5262581239358251
-2.5262189032226718
-2.5257286443082556
