-2.5649493574615367
-2.5644590985471205
-2.5639688396327047
-2.5634785807182885
-2.5629883218038727
-2.5624980628894565
-2.5620078039750407
-2.5615175450606245
-2.5610272861462087
-2.5605370272317924
-2.5600467683173767
-2.5595565094029604
-2.5590662504885446
-2.5585759915741284
-2.5580857326597126
-2.5575954737452964
-2.5571052148308806
-2.5566149559164644
-2.5561246970020486
-2.5556344380876324
-2.5551441791732166
-2.5546539202588003
-2.5541636613443846
-2.5536734024299683
-2.5531831435155525
-2.5526928846011363
-2.5522026256867205
-2.5517123667723043
-2.5512221078578885
-2.5507318489434723
-2.5502415900290565
-2.5497513311146403
-2.5492610722002245
-2.5487708132858082
-2.5482805543713924
-2.547790295456976
-2.5473000365425604
-2.546809777628144
-2.5463195187137284
-2.545829259799312
-2.545339000884896
-2.54484874197048
-2.544358483056064
-2.543868224141648
-2.543377965227232
-2.542887706312816
-2.5423974473984
-2.541907188483984
-2.541416929569568
-2.540926670655152
-2.540436411740736
-2.53994615282632
-2.539455893911904
-2.538965634997488
-2.538475376083072
-2.537985117168656
-2.53749485825424
-2.537004599339824
-2.536514340425408
-2.536024081510992
-2.535533822596576
-2.53504356368216
-2.5345533047677438
-2.534063045853328
-2.5335727869389117
-2.533082528024496
-2.5325922691100797
-2.532102010195664
-2.5316117512812477
-2.531121492366832
-2.5306312334524157
-2.530140974538
-2.5296507156235837
-2.529160456709168
-2.5286701977947517
-2.528179938880336
-2.5276896799659196
-2.527199421051504
-2.5267091621370876
-2.526218903222672
-2.5257286443082556
