ln_a
-2.5649493574615367
-2.5642237742682013
-2.563517801431442
-2.5629883218038727
-2.562262738610537
-2.561556765773778
-2.5610272861462087
-2.560301702952873
-2.559595730116114
-2.5590662504885446
-2.558340667295209
-2.55763469445845
-2.5571052148308806
-2.556379631637545
-2.555673658800786
-2.5551441791732166
-2.554418595979881
-2.553712623143122
-2.5531831435155525
-2.552457560322217
-2.551751587485458
-2.5512221078578885
-2.550496524664553
-2.549790551827794
-2.5492610722002245
-2.548535489006889
-2.54782951617013
-2.5473000365425604
-2.5465744533492245
-2.5458684805124654
-2.545339000884896
-2.5446134176915605
-2.5439074448548014
-2.543377965227232
-2.5426523820338964
-2.5419464091971373
-2.541416929569568
-2.5406913463762324
-2.5399853735394733
-2.539455893911904
-2.5387303107185684
-2.5380243378818093
-2.53749485825424
-2.5367692750609043
-2.536063302224145
-2.535533822596576
-2.5348082394032403
-2.534102266566481
-2.5335727869389117
-2.5328472037455763
-2.532141230908817
-2.5316117512812477
-2.5308861680879122
-2.530180195251153
-2.5296507156235837
-2.528925132430248
-2.528219159593489
-2.5276896799659196
-2.526964096772584
-2.526258123935825
-2.5257286443082556
