17
0.5 8e-05 5e-06 1e-06
32
13.615035079137098 1.486437787029763e+65
13.67906474405875 3.40674729454171e+65
13.793631405546652 5.205690978423556e+65
13.95769111272212 6.819884799185484e+65
14.169715249065543 8.20095901361858e+65
14.427724962539527 9.315769848248558e+65
14.729311541156155 1.0147282755438676e+66
15.071659257522107 1.0694109617868372e+66
15.451571753218467 1.0968801769900086e+66
15.86550191396201 1.0995221808943133e+66
16.3095850004174 1.0805389641268943e+66
16.77967473766216 1.0436196759266772e+66
17.27138203045971 9.926326749725737e+65
17.780115944424505 9.313629814320283e+65
18.301126571102532 8.633095885566044e+65
18.829549377045876 7.915473126329663e+65
19.360450622954122 7.186499066273165e+65
19.888873428897465 6.466656808176141e+65
20.409884055575493 5.771339335869886e+65
20.91861796954029 5.111297524278225e+65
21.41032526233784 4.493256281937423e+65
21.880414999582598 3.9206020752928323e+65
22.324498086037988 3.3940682748281013e+65
22.73842824678153 2.9123680308163176e+65
23.11834074247789 2.4727449500662995e+65
23.46068845884384 2.071428299069913e+65
23.76227503746047 1.7039914644258695e+65
24.020284750934454 1.3656203425140103e+65
24.232308887277878 1.051303085173191e+65
24.396368594453346 7.559560305819771e+64
24.51093525594125 4.7451357153117506e+64
24.5749649208629 2.0227134051185633e+64
0.5 8e-05 5e-06 1e-06
32
24.630809500514985 6.008589008495565e+63
24.804604305302323 1.4013819156561582e+64
25.115570957912343 2.2094137280209268e+64
25.560875877388614 3.0270895168433534e+64
26.136369961749335 3.856991605791713e+64
26.83668204117872 4.7010005184406374e+64
27.65527418313814 5.560001639161233e+64
28.58450369898858 6.433624369333433e+64
29.61569475873584 7.319974001260759e+64
30.73921948075403 8.215357740446459e+64
31.944587858275803 9.114014860141615e+64
33.22054571651157 1.0007866592617068e+65
34.555179796962065 1.0886306640755231e+65
35.936028992009376 1.1736058101264724e+65
37.350200692992594 1.2541126577511606e+65
38.78449116626739 1.3282881555734727e+65
40.22550883373262 1.394029783803535e+65
41.65979930700741 1.4490385078848773e+65
43.07397100799063 1.4908825510878709e+65
44.45482020303794 1.5170827347272e+65
45.78945428348843 1.525218420160476e+65
47.0654121417242 1.5130509956870874e+65
48.270780519245974 1.4786595412731548e+65
49.39430524126416 1.420581010371922e+65
50.42549630101142 1.3379452889824495e+65
51.354725816861865 1.2305941555565754e+65
52.173317958821286 1.0991727847800162e+65
52.87363003825067 9.451832694544256e+64
53.449124122611394 7.709918974167225e+64
53.894429042087665 5.797863307882456e+64
54.205395694697685 3.7549326310844977e+64
54.37919049948502 1.6288409949754527e+64
0.5 8e-05 5e-06 1e-06
32
54.48235658845032 2.034145767937487e+62
54.74791365188334 4.7998385857222525e+62
55.223068195160735 7.72683945694625e+62
55.90349052937892 1.090728042304063e+63
56.78284086009168 1.4444320836835896e+63
57.85291208303474 1.8451445552097698e+63
59.103714289890604 2.3054237122235732e+63
60.52356951390881 2.8391530951668305e+63
62.099221156660406 3.461535874128033e+63
63.815957892483034 4.188905221167018e+63
65.6577510754345 5.038272623581094e+63
67.60740441698283 6.026521884446607e+63
69.64671455399032 7.169149305724796e+63
71.75664101427381 8.478457246732304e+63
73.91748399552807 9.961137618926129e+63
76.10906829897645 1.1615243322360698e+64
78.31093170102356 1.3426646967885314e+64
80.50251600447194 1.536523006198515e+64
82.6633589857262 1.7381224841662045e+64
84.7732854460097 1.9402323134024687e+64
86.81259558301718 2.133233231381638e+64
88.76224892456551 2.3052241658669366e+64
90.60404210751697 2.4424499044868373e+64
92.32077884333961 2.5301032005303887e+64
93.8964304860912 2.5535053569804483e+64
95.31628571010941 2.499600146183365e+64
96.56708791696528 2.3586168632494013e+64
97.63715913990833 2.1256860491745745e+64
98.51650947062109 1.8021466484530673e+64
99.19693180483928 1.3962868911095858e+64
99.67208634811668 9.233440500550538e+63
99.93764341154969 4.052291215058445e+63
0.5 8e-05 5e-06 1e-06
96
13.615035079137098 1.486437787029763e+65
13.67906474405875 3.40674729454171e+65
13.793631405546652 5.205690978423556e+65
13.95769111272212 6.819884799185484e+65
14.169715249065543 8.20095901361858e+65
14.427724962539527 9.315769848248558e+65
14.729311541156155 1.0147282755438676e+66
15.071659257522107 1.0694109617868372e+66
15.451571753218467 1.0968801769900086e+66
15.86550191396201 1.0995221808943133e+66
16.3095850004174 1.0805389641268943e+66
16.77967473766216 1.0436196759266772e+66
17.27138203045971 9.926326749725737e+65
17.780115944424505 9.313629814320283e+65
18.301126571102532 8.633095885566044e+65
18.829549377045876 7.915473126329663e+65
19.360450622954122 7.186499066273165e+65
19.888873428897465 6.466656808176141e+65
20.409884055575493 5.771339335869886e+65
20.91861796954029 5.111297524278225e+65
21.41032526233784 4.493256281937423e+65
21.880414999582598 3.9206020752928323e+65
22.324498086037988 3.3940682748281013e+65
22.73842824678153 2.9123680308163176e+65
23.11834074247789 2.4727449500662995e+65
23.46068845884384 2.071428299069913e+65
23.76227503746047 1.7039914644258695e+65
24.020284750934454 1.3656203425140103e+65
24.232308887277878 1.051303085173191e+65
24.396368594453346 7.559560305819771e+64
24.51093525594125 4.7451357153117506e+64
24.5749649208629 2.0227134051185633e+64
24.630809500514985 6.008589008495565e+63
24.804604305302323 1.4013819156561582e+64
25.115570957912343 2.2094137280209268e+64
25.560875877388614 3.0270895168433534e+64
26.136369961749335 3.856991605791713e+64
26.83668204117872 4.7010005184406374e+64
27.65527418313814 5.560001639161233e+64
28.58450369898858 6.433624369333433e+64
29.61569475873584 7.319974001260759e+64
30.73921948075403 8.215357740446459e+64
31.944587858275803 9.114014860141615e+64
33.22054571651157 1.0007866592617068e+65
34.555179796962065 1.0886306640755231e+65
35.936028992009376 1.1736058101264724e+65
37.350200692992594 1.2541126577511606e+65
38.78449116626739 1.3282881555734727e+65
40.22550883373262 1.394029783803535e+65
41.65979930700741 1.4490385078848773e+65
43.07397100799063 1.4908825510878709e+65
44.45482020303794 1.5170827347272e+65
45.78945428348843 1.525218420160476e+65
47.0654121417242 1.5130509956870874e+65
48.270780519245974 1.4786595412731548e+65
49.39430524126416 1.420581010371922e+65
50.42549630101142 1.3379452889824495e+65
51.354725816861865 1.2305941555565754e+65
52.173317958821286 1.0991727847800162e+65
52.87363003825067 9.451832694544256e+64
53.449124122611394 7.709918974167225e+64
53.894429042087665 5.797863307882456e+64
54.205395694697685 3.7549326310844977e+64
54.37919049948502 1.6288409949754527e+64
54.48235658845032 2.034145767937487e+62
54.74791365188334 4.7998385857222525e+62
55.223068195160735 7.72683945694625e+62
55.90349052937892 1.090728042304063e+63
56.78284086009168 1.4444320836835896e+63
57.85291208303474 1.8451445552097698e+63
59.103714289890604 2.3054237122235732e+63
60.52356951390881 2.8391530951668305e+63
62.099221156660406 3.461535874128033e+63
63.815957892483034 4.188905221167018e+63
65.6577510754345 5.038272623581094e+63
67.60740441698283 6.026521884446607e+63
69.64671455399032 7.169149305724796e+63
71.75664101427381 8.478457246732304e+63
73.91748399552807 9.961137618926129e+63
76.10906829897645 1.1615243322360698e+64
78.31093170102356 1.3426646967885314e+64
80.50251600447194 1.536523006198515e+64
82.6633589857262 1.7381224841662045e+64
84.7732854460097 1.9402323134024687e+64
86.81259558301718 2.133233231381638e+64
88.76224892456551 2.3052241658669366e+64
90.60404210751697 2.4424499044868373e+64
92.32077884333961 2.5301032005303887e+64
93.8964304860912 2.5535053569804483e+64
95.31628571010941 2.499600146183365e+64
96.56708791696528 2.3586168632494013e+64
97.63715913990833 2.1256860491745745e+64
98.51650947062109 1.8021466484530673e+64
99.19693180483928 1.3962868911095858e+64
99.67208634811668 9.233440500550538e+63
99.93764341154969 4.052291215058445e+63
0.5 8e-05 5e-06 1e-06
96
99.93764341154969 4.052291215058445e+63
99.67208634811668 9.233440500550538e+63
99.19693180483928 1.3962868911095858e+64
98.51650947062109 1.8021466484530673e+64
97.63715913990833 2.1256860491745745e+64
96.56708791696528 2.3586168632494013e+64
95.31628571010941 2.499600146183365e+64
93.8964304860912 2.5535053569804483e+64
92.32077884333961 2.5301032005303887e+64
90.60404210751697 2.4424499044868373e+64
88.76224892456551 2.3052241658669366e+64
86.81259558301718 2.133233231381638e+64
84.7732854460097 1.9402323134024687e+64
82.6633589857262 1.7381224841662045e+64
80.50251600447194 1.536523006198515e+64
78.31093170102356 1.3426646967885314e+64
76.10906829897645 1.1615243322360698e+64
73.91748399552807 9.961137618926129e+63
71.75664101427381 8.478457246732304e+63
69.64671455399032 7.169149305724796e+63
67.60740441698283 6.026521884446607e+63
65.6577510754345 5.038272623581094e+63
63.815957892483034 4.188905221167018e+63
62.099221156660406 3.461535874128033e+63
60.52356951390881 2.8391530951668305e+63
59.103714289890604 2.3054237122235732e+63
57.85291208303474 1.8451445552097698e+63
56.78284086009168 1.4444320836835896e+63
55.90349052937892 1.090728042304063e+63
55.223068195160735 7.72683945694625e+62
54.74791365188334 4.7998385857222525e+62
54.48235658845032 2.034145767937487e+62
54.37919049948502 1.6288409949754527e+64
54.205395694697685 3.7549326310844977e+64
53.894429042087665 5.797863307882456e+64
53.449124122611394 7.709918974167225e+64
52.87363003825067 9.451832694544256e+64
52.173317958821286 1.0991727847800162e+65
51.354725816861865 1.2305941555565754e+65
50.42549630101142 1.3379452889824495e+65
49.39430524126416 1.420581010371922e+65
48.270780519245974 1.4786595412731548e+65
47.0654121417242 1.5130509956870874e+65
45.78945428348843 1.525218420160476e+65
44.45482020303794 1.5170827347272e+65
43.07397100799063 1.4908825510878709e+65
41.65979930700741 1.4490385078848773e+65
40.22550883373262 1.394029783803535e+65
38.78449116626739 1.3282881555734727e+65
37.350200692992594 1.2541126577511606e+65
35.936028992009376 1.1736058101264724e+65
34.555179796962065 1.0886306640755231e+65
33.22054571651157 1.0007866592617068e+65
31.944587858275803 9.114014860141615e+64
30.73921948075403 8.215357740446459e+64
29.61569475873584 7.319974001260759e+64
28.58450369898858 6.433624369333433e+64
27.65527418313814 5.560001639161233e+64
26.83668204117872 4.7010005184406374e+64
26.136369961749335 3.856991605791713e+64
25.560875877388614 3.0270895168433534e+64
25.115570957912343 2.2094137280209268e+64
24.804604305302323 1.4013819156561582e+64
24.630809500514985 6.008589008495565e+63
24.5749649208629 2.0227134051185633e+64
24.51093525594125 4.7451357153117506e+64
24.396368594453346 7.559560305819771e+64
24.232308887277878 1.051303085173191e+65
24.020284750934454 1.3656203425140103e+65
23.76227503746047 1.7039914644258695e+65
23.46068845884384 2.071428299069913e+65
23.11834074247789 2.4727449500662995e+65
22.73842824678153 2.9123680308163176e+65
22.324498086037988 3.3940682748281013e+65
21.880414999582598 3.9206020752928323e+65
21.41032526233784 4.493256281937423e+65
20.91861796954029 5.111297524278225e+65
20.409884055575493 5.771339335869886e+65
19.888873428897465 6.466656808176141e+65
19.360450622954122 7.186499066273165e+65
18.829549377045876 7.915473126329663e+65
18.301126571102532 8.633095885566044e+65
17.780115944424505 9.313629814320283e+65
17.27138203045971 9.926326749725737e+65
16.77967473766216 1.0436196759266772e+66
16.3095850004174 1.0805389641268943e+66
15.86550191396201 1.0995221808943133e+66
15.451571753218467 1.0968801769900086e+66
15.071659257522107 1.0694109617868372e+66
14.729311541156155 1.0147282755438676e+66
14.427724962539527 9.315769848248558e+65
14.169715249065543 8.20095901361858e+65
13.95769111272212 6.819884799185484e+65
13.793631405546652 5.205690978423556e+65
13.67906474405875 3.40674729454171e+65
13.615035079137098 1.486437787029763e+65
0.5 8e-05 5e-06 1e-06
192
13.615035079137098 7.432188935148815e+64
13.615035079137098 7.432188935148815e+64
13.67906474405875 1.703373647270855e+65
13.67906474405875 1.703373647270855e+65
13.793631405546652 2.602845489211778e+65
13.793631405546652 2.602845489211778e+65
13.95769111272212 3.409942399592742e+65
13.95769111272212 3.409942399592742e+65
14.169715249065543 4.10047950680929e+65
14.169715249065543 4.10047950680929e+65
14.427724962539527 4.657884924124279e+65
14.427724962539527 4.657884924124279e+65
14.729311541156155 5.073641377719338e+65
14.729311541156155 5.073641377719338e+65
15.071659257522107 5.347054808934186e+65
15.071659257522107 5.347054808934186e+65
15.451571753218467 5.484400884950043e+65
15.451571753218467 5.484400884950043e+65
15.86550191396201 5.4976109044715665e+65
15.86550191396201 5.4976109044715665e+65
16.3095850004174 5.402694820634471e+65
16.3095850004174 5.402694820634471e+65
16.77967473766216 5.218098379633386e+65
16.77967473766216 5.218098379633386e+65
17.27138203045971 4.963163374862868e+65
17.27138203045971 4.963163374862868e+65
17.780115944424505 4.656814907160141e+65
17.780115944424505 4.656814907160141e+65
18.301126571102532 4.316547942783022e+65
18.301126571102532 4.316547942783022e+65
18.829549377045876 3.9577365631648315e+65
18.829549377045876 3.9577365631648315e+65
19.360450622954122 3.5932495331365824e+65
19.360450622954122 3.5932495331365824e+65
19.888873428897465 3.2333284040880706e+65
19.888873428897465 3.2333284040880706e+65
20.409884055575493 2.885669667934943e+65
20.409884055575493 2.885669667934943e+65
20.91861796954029 2.5556487621391125e+65
20.91861796954029 2.5556487621391125e+65
21.41032526233784 2.2466281409687114e+65
21.41032526233784 2.2466281409687114e+65
21.880414999582598 1.9603010376464161e+65
21.880414999582598 1.9603010376464161e+65
22.324498086037988 1.6970341374140506e+65
22.324498086037988 1.6970341374140506e+65
22.73842824678153 1.4561840154081588e+65
22.73842824678153 1.4561840154081588e+65
23.11834074247789 1.2363724750331497e+65
23.11834074247789 1.2363724750331497e+65
23.46068845884384 1.0357141495349566e+65
23.46068845884384 1.0357141495349566e+65
23.76227503746047 8.519957322129347e+64
23.76227503746047 8.519957322129347e+64
24.020284750934454 6.828101712570052e+64
24.020284750934454 6.828101712570052e+64
24.232308887277878 5.256515425865955e+64
24.232308887277878 5.256515425865955e+64
24.396368594453346 3.7797801529098855e+64
24.396368594453346 3.7797801529098855e+64
24.51093525594125 2.3725678576558753e+64
24.51093525594125 2.3725678576558753e+64
24.5749649208629 1.0113567025592817e+64
24.5749649208629 1.0113567025592817e+64
24.630809500514985 3.0042945042477826e+63
24.630809500514985 3.0042945042477826e+63
24.804604305302323 7.006909578280791e+63
24.804604305302323 7.006909578280791e+63
25.115570957912343 1.1047068640104634e+64
25.115570957912343 1.1047068640104634e+64
25.560875877388614 1.5135447584216767e+64
25.560875877388614 1.5135447584216767e+64
26.136369961749335 1.9284958028958566e+64
26.136369961749335 1.9284958028958566e+64
26.83668204117872 2.3505002592203187e+64
26.83668204117872 2.3505002592203187e+64
27.65527418313814 2.7800008195806166e+64
27.65527418313814 2.7800008195806166e+64
28.58450369898858 3.216812184666717e+64
28.58450369898858 3.216812184666717e+64
29.61569475873584 3.6599870006303795e+64
29.61569475873584 3.6599870006303795e+64
30.73921948075403 4.1076788702232296e+64
30.73921948075403 4.1076788702232296e+64
31.944587858275803 4.5570074300708073e+64
31.944587858275803 4.5570074300708073e+64
33.22054571651157 5.003933296308534e+64
33.22054571651157 5.003933296308534e+64
34.555179796962065 5.443153320377616e+64
34.555179796962065 5.443153320377616e+64
35.936028992009376 5.868029050632362e+64
35.936028992009376 5.868029050632362e+64
37.350200692992594 6.270563288755803e+64
37.350200692992594 6.270563288755803e+64
38.78449116626739 6.641440777867363e+64
38.78449116626739 6.641440777867363e+64
40.22550883373262 6.970148919017675e+64
40.22550883373262 6.970148919017675e+64
41.65979930700741 7.245192539424387e+64
41.65979930700741 7.245192539424387e+64
43.07397100799063 7.454412755439354e+64
43.07397100799063 7.454412755439354e+64
44.45482020303794 7.585413673636e+64
44.45482020303794 7.585413673636e+64
45.78945428348843 7.62609210080238e+64
45.78945428348843 7.62609210080238e+64
47.0654121417242 7.565254978435437e+64
47.0654121417242 7.565254978435437e+64
48.270780519245974 7.393297706365774e+64
48.270780519245974 7.393297706365774e+64
49.39430524126416 7.10290505185961e+64
49.39430524126416 7.10290505185961e+64
50.42549630101142 6.689726444912248e+64
50.42549630101142 6.689726444912248e+64
51.354725816861865 6.152970777782877e+64
51.354725816861865 6.152970777782877e+64
52.173317958821286 5.495863923900081e+64
52.173317958821286 5.495863923900081e+64
52.87363003825067 4.725916347272128e+64
52.87363003825067 4.725916347272128e+64
53.449124122611394 3.8549594870836124e+64
53.449124122611394 3.8549594870836124e+64
53.894429042087665 2.898931653941228e+64
53.894429042087665 2.898931653941228e+64
54.205395694697685 1.8774663155422488e+64
54.205395694697685 1.8774663155422488e+64
54.37919049948502 8.144204974877263e+63
54.37919049948502 8.144204974877263e+63
54.48235658845032 1.0170728839687435e+62
54.48235658845032 1.0170728839687435e+62
54.74791365188334 2.3999192928611262e+62
54.74791365188334 2.3999192928611262e+62
55.223068195160735 3.863419728473125e+62
55.223068195160735 3.863419728473125e+62
55.90349052937892 5.453640211520315e+62
55.90349052937892 5.453640211520315e+62
56.78284086009168 7.222160418417948e+62
56.78284086009168 7.222160418417948e+62
57.85291208303474 9.225722776048849e+62
57.85291208303474 9.225722776048849e+62
59.103714289890604 1.1527118561117866e+63
59.103714289890604 1.1527118561117866e+63
60.52356951390881 1.4195765475834152e+63
60.52356951390881 1.4195765475834152e+63
62.099221156660406 1.7307679370640164e+63
62.099221156660406 1.7307679370640164e+63
63.815957892483034 2.094452610583509e+63
63.815957892483034 2.094452610583509e+63
65.6577510754345 2.519136311790547e+63
65.6577510754345 2.519136311790547e+63
67.60740441698283 3.0132609422233037e+63
67.60740441698283 3.0132609422233037e+63
69.64671455399032 3.584574652862398e+63
69.64671455399032 3.584574652862398e+63
71.75664101427381 4.239228623366152e+63
71.75664101427381 4.239228623366152e+63
73.91748399552807 4.9805688094630644e+63
73.91748399552807 4.9805688094630644e+63
76.10906829897645 5.807621661180349e+63
76.10906829897645 5.807621661180349e+63
78.31093170102356 6.713323483942657e+63
78.31093170102356 6.713323483942657e+63
80.50251600447194 7.682615030992574e+63
80.50251600447194 7.682615030992574e+63
82.6633589857262 8.690612420831023e+63
82.6633589857262 8.690612420831023e+63
84.7732854460097 9.701161567012344e+63
84.7732854460097 9.701161567012344e+63
86.81259558301718 1.066616615690819e+64
86.81259558301718 1.066616615690819e+64
88.76224892456551 1.1526120829334683e+64
88.76224892456551 1.1526120829334683e+64
90.60404210751697 1.2212249522434187e+64
90.60404210751697 1.2212249522434187e+64
92.32077884333961 1.2650516002651943e+64
92.32077884333961 1.2650516002651943e+64
93.8964304860912 1.2767526784902241e+64
93.8964304860912 1.2767526784902241e+64
95.31628571010941 1.2498000730916825e+64
95.31628571010941 1.2498000730916825e+64
96.56708791696528 1.1793084316247007e+64
96.56708791696528 1.1793084316247007e+64
97.63715913990833 1.0628430245872872e+64
97.63715913990833 1.0628430245872872e+64
98.51650947062109 9.010733242265336e+63
98.51650947062109 9.010733242265336e+63
99.19693180483928 6.981434455547929e+63
99.19693180483928 6.981434455547929e+63
99.67208634811668 4.616720250275269e+63
99.67208634811668 4.616720250275269e+63
99.93764341154969 2.0261456075292225e+63
99.93764341154969 2.0261456075292225e+63
0.25 8e-05 5e-06 1e-06
96
13.615035079137098 1.8580472337872038e+64
13.67906474405875 4.2584341181771373e+64
13.793631405546652 6.507113723029445e+64
13.95769111272212 8.524855998981855e+64
14.169715249065543 1.0251198767023225e+65
14.427724962539527 1.1644712310310698e+65
14.729311541156155 1.2684103444298345e+65
15.071659257522107 1.3367637022335465e+65
15.451571753218467 1.3711002212375107e+65
15.86550191396201 1.3744027261178916e+65
16.3095850004174 1.3506737051586179e+65
16.77967473766216 1.3045245949083465e+65
17.27138203045971 1.240790843715717e+65
17.780115944424505 1.1642037267900353e+65
18.301126571102532 1.0791369856957555e+65
18.829549377045876 9.894341407912079e+64
19.360450622954122 8.983123832841456e+64
19.888873428897465 8.083321010220177e+64
20.409884055575493 7.214174169837357e+64
20.91861796954029 6.389121905347781e+64
21.41032526233784 5.616570352421778e+64
21.880414999582598 4.9007525941160404e+64
22.324498086037988 4.2425853435351266e+64
22.73842824678153 3.640460038520397e+64
23.11834074247789 3.0909311875828744e+64
23.46068845884384 2.5892853738373914e+64
23.76227503746047 2.129989330532337e+64
24.020284750934454 1.707025428142513e+64
24.232308887277878 1.3141288564664887e+64
24.396368594453346 9.449450382274714e+63
24.51093525594125 5.931419644139688e+63
24.5749649208629 2.528391756398204e+63
24.630809500514985 7.510736260619457e+62
24.804604305302323 1.7517273945701977e+63
25.115570957912343 2.7617671600261585e+63
25.560875877388614 3.783861896054192e+63
26.136369961749335 4.8212395072396414e+63
26.83668204117872 5.876250648050797e+63
27.65527418313814 6.950002048951542e+63
28.58450369898858 8.042030461666792e+63
29.61569475873584 9.149967501575949e+63
30.73921948075403 1.0269197175558074e+64
31.944587858275803 1.1392518575177018e+64
33.22054571651157 1.2509833240771335e+64
34.555179796962065 1.360788330094404e+64
35.936028992009376 1.4670072626580905e+64
37.350200692992594 1.5676408221889508e+64
38.78449116626739 1.660360194466841e+64
40.22550883373262 1.7425372297544187e+64
41.65979930700741 1.8112981348560966e+64
43.07397100799063 1.8636031888598386e+64
44.45482020303794 1.896353418409e+64
45.78945428348843 1.906523025200595e+64
47.0654121417242 1.8913137446088593e+64
48.270780519245974 1.8483244265914435e+64
49.39430524126416 1.7757262629649026e+64
50.42549630101142 1.672431611228062e+64
51.354725816861865 1.5382426944457193e+64
52.173317958821286 1.3739659809750202e+64
52.87363003825067 1.181479086818032e+64
53.449124122611394 9.637398717709031e+63
53.894429042087665 7.24732913485307e+63
54.205395694697685 4.693665788855622e+63
54.37919049948502 2.036051243719316e+63
54.48235658845032 2.5426822099218587e+61
54.74791365188334 5.999798232152816e+61
55.223068195160735 9.658549321182812e+61
55.90349052937892 1.3634100528800788e+62
56.78284086009168 1.805540104604487e+62
57.85291208303474 2.306430694012212e+62
59.103714289890604 2.8817796402794665e+62
60.52356951390881 3.548941368958538e+62
62.099221156660406 4.326919842660041e+62
63.815957892483034 5.236131526458773e+62
65.6577510754345 6.297840779476367e+62
67.60740441698283 7.533152355558259e+62
69.64671455399032 8.961436632155995e+62
71.75664101427381 1.059807155841538e+63
73.91748399552807 1.2451422023657661e+63
76.10906829897645 1.4519054152950873e+63
78.31093170102356 1.6783308709856643e+63
80.50251600447194 1.9206537577481436e+63
82.6633589857262 2.1726531052077556e+63
84.7732854460097 2.425290391753086e+63
86.81259558301718 2.6665415392270474e+63
88.76224892456551 2.8815302073336708e+63
90.60404210751697 3.0530623806085466e+63
92.32077884333961 3.162629000662986e+63
93.8964304860912 3.1918816962255604e+63
95.31628571010941 3.1245001827292062e+63
96.56708791696528 2.9482710790617517e+63
97.63715913990833 2.657107561468218e+63
98.51650947062109 2.252683310566334e+63
99.19693180483928 1.7453586138869823e+63
99.67208634811668 1.1541800625688172e+63
99.93764341154969 5.065364018823056e+62
1.0 8e-05 5e-06 1e-06
96
13.615035079137098 1.1891502296238104e+66
13.67906474405875 2.725397835633368e+66
13.793631405546652 4.164552782738845e+66
13.95769111272212 5.455907839348387e+66
14.169715249065543 6.560767210894864e+66
14.427724962539527 7.452615878598847e+66
14.729311541156155 8.117826204350941e+66
15.071659257522107 8.555287694294697e+66
15.451571753218467 8.775041415920069e+66
15.86550191396201 8.796177447154506e+66
16.3095850004174 8.644311713015154e+66
16.77967473766216 8.348957407413417e+66
17.27138203045971 7.94106139978059e+66
17.780115944424505 7.450903851456226e+66
18.301126571102532 6.906476708452835e+66
18.829549377045876 6.3323785010637305e+66
19.360450622954122 5.749199253018532e+66
19.888873428897465 5.173325446540913e+66
20.409884055575493 4.6170714686959086e+66
20.91861796954029 4.08903801942258e+66
21.41032526233784 3.594605025549938e+66
21.880414999582598 3.136481660234266e+66
22.324498086037988 2.715254619862481e+66
22.73842824678153 2.329894424653054e+66
23.11834074247789 1.9781959600530396e+66
23.46068845884384 1.6571426392559305e+66
23.76227503746047 1.3631931715406956e+66
24.020284750934454 1.0924962740112083e+66
24.232308887277878 8.410424681385528e+65
24.396368594453346 6.047648244655817e+65
24.51093525594125 3.7961085722494004e+65
24.5749649208629 1.6181707240948507e+65
24.630809500514985 4.806871206796452e+64
24.804604305302323 1.1211055325249265e+65
25.115570957912343 1.7675309824167414e+65
25.560875877388614 2.4216716134746827e+65
26.136369961749335 3.0855932846333705e+65
26.83668204117872 3.76080041475251e+65
27.65527418313814 4.448001311328987e+65
28.58450369898858 5.146899495466747e+65
29.61569475873584 5.855979201008607e+65
30.73921948075403 6.572286192357167e+65
31.944587858275803 7.291211888113292e+65
33.22054571651157 8.006293274093655e+65
34.555179796962065 8.709045312604185e+65
35.936028992009376 9.38884648101178e+65
37.350200692992594 1.0032901262009285e+66
38.78449116626739 1.0626305244587782e+66
40.22550883373262 1.115223827042828e+66
41.65979930700741 1.1592308063079019e+66
43.07397100799063 1.1927060408702967e+66
44.45482020303794 1.21366618778176e+66
45.78945428348843 1.2201747361283808e+66
47.0654121417242 1.21044079654967e+66
48.270780519245974 1.1829276330185238e+66
49.39430524126416 1.1364648082975377e+66
50.42549630101142 1.0703562311859596e+66
51.354725816861865 9.844753244452603e+65
52.173317958821286 8.79338227824013e+65
52.87363003825067 7.561466155635405e+65
53.449124122611394 6.16793517933378e+65
53.894429042087665 4.638290646305965e+65
54.205395694697685 3.003946104867598e+65
54.37919049948502 1.3030727959803621e+65
54.48235658845032 1.6273166143499896e+63
54.74791365188334 3.839870868577802e+63
55.223068195160735 6.181471565557e+63
55.90349052937892 8.725824338432504e+63
56.78284086009168 1.1555456669468717e+64
57.85291208303474 1.4761156441678158e+64
59.103714289890604 1.8443389697788586e+64
60.52356951390881 2.2713224761334644e+64
62.099221156660406 2.7692286993024263e+64
63.815957892483034 3.3511241769336147e+64
65.6577510754345 4.030618098864875e+64
67.60740441698283 4.821217507557286e+64
69.64671455399032 5.735319444579837e+64
71.75664101427381 6.782765797385844e+64
73.91748399552807 7.968910095140903e+64
76.10906829897645 9.292194657888559e+64
78.31093170102356 1.0741317574308252e+65
80.50251600447194 1.229218404958812e+65
82.6633589857262 1.3904979873329636e+65
84.7732854460097 1.552185850721975e+65
86.81259558301718 1.7065865851053104e+65
88.76224892456551 1.8441793326935493e+65
90.60404210751697 1.9539599235894698e+65
92.32077884333961 2.024082560424311e+65
93.8964304860912 2.0428042855843586e+65
95.31628571010941 1.999680116946692e+65
96.56708791696528 1.886893490599521e+65
97.63715913990833 1.7005488393396596e+65
98.51650947062109 1.4417173187624538e+65
99.19693180483928 1.1170295128876687e+65
99.67208634811668 7.38675240044043e+64
99.93764341154969 3.241832972046756e+64
0.5 8e-05 5e-06 1e-06
96
13.615035079137098 0.0
13.67906474405875 0.0
13.793631405546652 0.0
13.95769111272212 0.0
14.169715249065543 0.0
14.427724962539527 0.0
14.729311541156155 0.0
15.071659257522107 0.0
15.451571753218467 0.0
15.86550191396201 0.0
16.3095850004174 0.0
16.77967473766216 0.0
17.27138203045971 0.0
17.780115944424505 0.0
18.301126571102532 0.0
18.829549377045876 0.0
19.360450622954122 0.0
19.888873428897465 0.0
20.409884055575493 0.0
20.91861796954029 0.0
21.41032526233784 0.0
21.880414999582598 0.0
22.324498086037988 0.0
22.73842824678153 0.0
23.11834074247789 0.0
23.46068845884384 0.0
23.76227503746047 0.0
24.020284750934454 0.0
24.232308887277878 0.0
24.396368594453346 0.0
24.51093525594125 0.0
24.5749649208629 0.0
24.630809500514985 0.0
24.804604305302323 0.0
25.115570957912343 0.0
25.560875877388614 0.0
26.136369961749335 0.0
26.83668204117872 0.0
27.65527418313814 0.0
28.58450369898858 0.0
29.61569475873584 0.0
30.73921948075403 0.0
31.944587858275803 0.0
33.22054571651157 0.0
34.555179796962065 0.0
35.936028992009376 0.0
37.350200692992594 0.0
38.78449116626739 0.0
40.22550883373262 0.0
41.65979930700741 0.0
43.07397100799063 0.0
44.45482020303794 0.0
45.78945428348843 0.0
47.0654121417242 0.0
48.270780519245974 0.0
49.39430524126416 0.0
50.42549630101142 0.0
51.354725816861865 0.0
52.173317958821286 0.0
52.87363003825067 0.0
53.449124122611394 0.0
53.894429042087665 0.0
54.205395694697685 0.0
54.37919049948502 0.0
54.48235658845032 0.0
54.74791365188334 0.0
55.223068195160735 0.0
55.90349052937892 0.0
56.78284086009168 0.0
57.85291208303474 0.0
59.103714289890604 0.0
60.52356951390881 0.0
62.099221156660406 0.0
63.815957892483034 0.0
65.6577510754345 0.0
67.60740441698283 0.0
69.64671455399032 0.0
71.75664101427381 0.0
73.91748399552807 0.0
76.10906829897645 0.0
78.31093170102356 0.0
80.50251600447194 0.0
82.6633589857262 0.0
84.7732854460097 0.0
86.81259558301718 0.0
88.76224892456551 0.0
90.60404210751697 0.0
92.32077884333961 0.0
93.8964304860912 0.0
95.31628571010941 0.0
96.56708791696528 0.0
97.63715913990833 0.0
98.51650947062109 0.0
99.19693180483928 0.0
99.67208634811668 0.0
99.93764341154969 0.0
0.5 0.0 0.0 0.0
96
13.615035079137098 1.486437787029763e+65
13.67906474405875 3.40674729454171e+65
13.793631405546652 5.205690978423556e+65
13.95769111272212 6.819884799185484e+65
14.169715249065543 8.20095901361858e+65
14.427724962539527 9.315769848248558e+65
14.729311541156155 1.0147282755438676e+66
15.071659257522107 1.0694109617868372e+66
15.451571753218467 1.0968801769900086e+66
15.86550191396201 1.0995221808943133e+66
16.3095850004174 1.0805389641268943e+66
16.77967473766216 1.0436196759266772e+66
17.27138203045971 9.926326749725737e+65
17.780115944424505 9.313629814320283e+65
18.301126571102532 8.633095885566044e+65
18.829549377045876 7.915473126329663e+65
19.360450622954122 7.186499066273165e+65
19.888873428897465 6.466656808176141e+65
20.409884055575493 5.771339335869886e+65
20.91861796954029 5.111297524278225e+65
21.41032526233784 4.493256281937423e+65
21.880414999582598 3.9206020752928323e+65
22.324498086037988 3.3940682748281013e+65
22.73842824678153 2.9123680308163176e+65
23.11834074247789 2.4727449500662995e+65
23.46068845884384 2.071428299069913e+65
23.76227503746047 1.7039914644258695e+65
24.020284750934454 1.3656203425140103e+65
24.232308887277878 1.051303085173191e+65
24.396368594453346 7.559560305819771e+64
24.51093525594125 4.7451357153117506e+64
24.5749649208629 2.0227134051185633e+64
24.630809500514985 6.008589008495565e+63
24.804604305302323 1.4013819156561582e+64
25.115570957912343 2.2094137280209268e+64
25.560875877388614 3.0270895168433534e+64
26.136369961749335 3.856991605791713e+64
26.83668204117872 4.7010005184406374e+64
27.65527418313814 5.560001639161233e+64
28.58450369898858 6.433624369333433e+64
29.61569475873584 7.319974001260759e+64
30.73921948075403 8.215357740446459e+64
31.944587858275803 9.114014860141615e+64
33.22054571651157 1.0007866592617068e+65
34.555179796962065 1.0886306640755231e+65
35.936028992009376 1.1736058101264724e+65
37.350200692992594 1.2541126577511606e+65
38.78449116626739 1.3282881555734727e+65
40.22550883373262 1.394029783803535e+65
41.65979930700741 1.4490385078848773e+65
43.07397100799063 1.4908825510878709e+65
44.45482020303794 1.5170827347272e+65
45.78945428348843 1.525218420160476e+65
47.0654121417242 1.5130509956870874e+65
48.270780519245974 1.4786595412731548e+65
49.39430524126416 1.420581010371922e+65
50.42549630101142 1.3379452889824495e+65
51.354725816861865 1.2305941555565754e+65
52.173317958821286 1.0991727847800162e+65
52.87363003825067 9.451832694544256e+64
53.449124122611394 7.709918974167225e+64
53.894429042087665 5.797863307882456e+64
54.205395694697685 3.7549326310844977e+64
54.37919049948502 1.6288409949754527e+64
54.48235658845032 2.034145767937487e+62
54.74791365188334 4.7998385857222525e+62
55.223068195160735 7.72683945694625e+62
55.90349052937892 1.090728042304063e+63
56.78284086009168 1.4444320836835896e+63
57.85291208303474 1.8451445552097698e+63
59.103714289890604 2.3054237122235732e+63
60.52356951390881 2.8391530951668305e+63
62.099221156660406 3.461535874128033e+63
63.815957892483034 4.188905221167018e+63
65.6577510754345 5.038272623581094e+63
67.60740441698283 6.026521884446607e+63
69.64671455399032 7.169149305724796e+63
71.75664101427381 8.478457246732304e+63
73.91748399552807 9.961137618926129e+63
76.10906829897645 1.1615243322360698e+64
78.31093170102356 1.3426646967885314e+64
80.50251600447194 1.536523006198515e+64
82.6633589857262 1.7381224841662045e+64
84.7732854460097 1.9402323134024687e+64
86.81259558301718 2.133233231381638e+64
88.76224892456551 2.3052241658669366e+64
90.60404210751697 2.4424499044868373e+64
92.32077884333961 2.5301032005303887e+64
93.8964304860912 2.5535053569804483e+64
95.31628571010941 2.499600146183365e+64
96.56708791696528 2.3586168632494013e+64
97.63715913990833 2.1256860491745745e+64
98.51650947062109 1.8021466484530673e+64
99.19693180483928 1.3962868911095858e+64
99.67208634811668 9.233440500550538e+63
99.93764341154969 4.052291215058445e+63
0.5 8e-05 5e-06 1e-06
3
13.6 1e+63
24.59 1e+63
54.42 1e+63
0.0 8e-05 5e-06 1e-06
1
13.615035079137098 1.486437787029763e+65
0.5 -1.0 5e-06 1e-06
1
13.615035079137098 1.486437787029763e+65
0.5 8e-05 5e-06 1e-06
1
13.615035079137098 -1.0
0.5 8e-05 5e-06 1e-06
1
50001.0 0.0
0.5 8e-05 5e-06 1e-06
1
NaN 1.486437787029763e+65
0.5 8e-05 5e-06 1e-06
1
13.615035079137098 1e-300
0.5 5e-14 6.25e-07 1.0000000000000001e-07 1.2500000000000001e-08 13.6 24.59 54.42 100.0 1.0523363446311863e-06 1.5607823181207135e-08 3.4485978383889243e-10 0.0 0.0 0.0 0.0
